n: 7
min_v:1
capacity: 39000
d:[
	999	148	55	32	70	140	73	
	148	999	93	180	99	12	72	
	55 	93 	999	85	20	83	28	
	32 	180	85 	999	100	174	88	
	70 	99 	20 	100	999	85	49	
	140	12 	83 	174	85 	999	73	
	73 	72 	28 	88 	49 	73 	999
]
dem:[
    1	0
	2 	14000 
	3 	3000 
	4 	6000 
	5	16000 
	6	15000
	7	5000
]
